stack_a
15
26
23
13
14
7
24
16
9
3
6
18
20
21
1
10
25
5
19
11
2
27
28
12
30
8
17
4
22
29
stack_b
stack_a
26
23
24
21
25
27
28
30
22
29
stack_b
4
8
2
5
10
1
6
3
9
7
15
13
14
16
18
20
19
11
12
17
stack_a
7
9
10
8
26
23
24
21
25
27
28
30
22
29
4
5
6
stack_b
15
13
14
16
18
20
19
11
12
17
2
1
3
stack_a
7
8
9
10
26
23
24
21
25
27
28
30
22
29
4
5
6
stack_b
15
13
14
16
18
20
19
11
12
17
2
1
3
stack_a
4
5
6
7
8
9
10
26
23
24
21
25
27
28
30
22
29
stack_b
2
1
3
15
13
14
16
18
20
19
11
12
17
stack_a
26
23
24
21
25
27
28
30
22
29
stack_b
10
9
8
7
6
5
4
3
2
1
15
13
14
16
18
20
19
11
12
17
stack_a
17
19
20
18
26
23
24
21
25
27
28
30
22
29
15
14
16
stack_b
10
9
8
7
6
5
4
3
2
1
13
11
12
stack_a
17
18
19
20
26
23
24
21
25
27
28
30
22
29
15
14
16
stack_b
10
9
8
7
6
5
4
3
2
1
13
11
12
stack_a
14
15
16
17
18
19
20
26
23
24
21
25
27
28
30
22
29
stack_b
13
11
12
10
9
8
7
6
5
4
3
2
1
stack_a
26
23
24
21
25
27
28
30
22
29
stack_b
20
19
18
17
16
15
14
13
12
11
10
9
8
7
6
5
4
3
2
1
stack_a
27
28
30
29
stack_b
22
21
23
20
19
18
17
16
15
14
13
12
11
10
9
8
7
6
5
4
3
2
1
26
24
25
stack_a
27
28
30
29
stack_b
23
22
21
20
19
18
17
16
15
14
13
12
11
10
9
8
7
6
5
4
3
2
1
26
24
25
stack_a
27
28
30
29
stack_b
26
25
24
23
22
21
20
19
18
17
16
15
14
13
12
11
10
9
8
7
6
5
4
3
2
1
